30
7
59
3 5 1 4 4 3 1 4 0 3 4 2 5 2 5 4 4 5 3 6 0 4 1 4 4 0 5 0 1 4 0 4 0 6 6 5 3 6 2 3 2 6 4 5 6 2 0 3 5 1 0 5 5 1 0 3 0 5 1 
28
43
6 3 1 27 15 11 16 21 6 10 7 24 0 24 22 14 3 4 12 3 3 1 1 2 15 16 2 21 15 1 0 22 17 13 5 4 24 21 25 14 15 16 23 
25
56
13 7 7 7 11 4 4 3 23 11 0 1 20 15 11 11 4 11 15 24 11 3 11 15 8 13 13 3 19 14 0 9 22 9 16 8 14 21 13 12 7 13 15 4 5 3 15 12 14 5 11 0 10 22 15 18 
13
22
0 0 5 11 11 0 6 0 8 1 12 11 9 2 1 2 5 2 9 7 5 1 
46
48
12 45 5 6 5 18 0 37 37 34 43 31 11 14 6 26 36 7 28 5 1 39 34 11 23 0 27 9 17 31 8 23 24 8 24 29 26 18 20 11 6 12 42 12 20 2 38 11 
72
54
66 50 65 50 56 69 22 27 52 24 24 51 19 18 15 53 66 61 46 52 14 4 32 47 6 5 9 22 8 41 56 2 19 66 69 19 7 19 63 59 43 15 54 7 50 69 4 60 2 50 40 17 71 17 
45
59
4 28 1 19 31 28 19 33 2 25 23 18 25 23 33 30 10 13 10 4 18 6 28 2 18 3 17 17 0 36 41 4 27 4 30 20 32 5 15 42 30 39 15 17 24 10 3 34 24 20 0 4 33 28 6 7 39 24 31 
95
33
42 1 46 93 1 17 88 71 32 10 69 86 62 71 76 88 44 22 29 62 38 93 35 43 86 82 92 85 4 79 55 43 80 
62
55
57 51 51 57 16 13 52 48 8 3 31 14 56 9 32 43 49 53 60 51 21 5 17 7 0 29 3 24 31 61 53 24 48 40 19 0 53 7 49 0 11 16 12 5 25 45 48 12 34 44 2 55 49 17 1 
54
17
48 0 31 7 3 19 20 40 11 34 11 48 45 31 17 52 28 
25
13
4 17 15 11 9 10 18 18 0 9 22 18 4 
41
16
22 12 9 18 31 37 5 17 16 36 13 5 6 5 26 29 
6
26
1 3 0 3 4 3 0 0 5 3 4 3 1 0 4 5 2 4 1 3 1 0 5 3 1 3 
75
32
3 6 73 27 0 65 33 14 2 44 12 38 72 65 14 36 60 6 56 12 2 34 70 69 47 49 19 25 73 45 66 53 
2
20
1 0 0 1 0 1 1 1 1 0 0 0 1 1 0 1 1 1 1 0 
71
53
66 56 44 64 9 25 43 48 52 49 33 35 7 59 22 60 43 66 32 4 8 15 49 44 30 50 23 60 1 10 50 68 26 23 21 66 8 24 43 20 3 6 55 41 25 38 31 68 33 23 32 41 38 
7
13
3 1 4 2 5 5 2 5 1 6 3 5 0 
85
42
28 66 16 53 45 12 62 78 16 0 47 65 73 60 19 22 78 77 61 79 64 53 57 49 66 56 38 76 60 17 82 3 83 56 14 0 68 76 79 42 77 41 
5
38
3 3 1 2 1 2 1 2 2 3 4 3 1 2 1 2 1 3 2 1 4 3 3 0 2 2 4 1 1 3 0 4 2 1 3 0 0 4 
98
5
43 31 79 23 79 
59
33
3 46 7 9 41 9 8 5 24 16 5 56 25 7 14 11 32 42 4 0 9 12 17 56 56 24 40 39 6 39 25 9 27 
23
46
12 0 14 18 9 0 12 9 19 10 19 7 5 4 21 11 18 19 6 8 12 18 18 20 3 3 15 1 16 15 2 5 15 10 0 1 11 6 5 1 11 1 2 16 22 0 
33
34
3 23 16 30 2 0 0 27 22 3 2 32 8 8 19 2 21 26 1 22 11 5 12 1 8 6 32 18 25 3 8 28 26 24 
10
47
5 0 6 6 8 7 1 3 8 0 0 3 8 6 0 8 3 2 2 9 3 8 6 8 6 4 3 3 9 5 4 5 7 2 3 5 9 4 8 0 6 8 5 5 5 5 5 
1
40
0 0 0 0 0 0 0 0 0 0 0 0 0 0 0 0 0 0 0 0 0 0 0 0 0 0 0 0 0 0 0 0 0 0 0 0 0 0 0 0 
10
9
9 3 2 4 0 5 5 0 3 
57
36
5 16 44 45 24 41 36 8 43 0 28 27 41 42 20 52 11 25 48 7 6 0 7 10 52 17 45 20 7 8 43 28 25 30 32 8 
95
50
54 77 47 64 10 12 46 27 23 39 49 33 62 36 69 12 85 64 67 70 82 53 22 49 62 63 4 19 33 38 65 84 17 17 53 27 30 2 51 53 41 6 84 5 39 58 17 26 24 81 
75
7
14 73 6 74 38 5 48 
97
6
20 28 65 77 45 39 
